4 0.42829351875 1 0.43982413749999993 0.9871748281249999 0.4568069828125 0.9337052828125 0.4752701328125 0.8739638812500001 0.493239846875 0.8163130984375 0.5087351640625 0.75374230625 0.521914221875 0.707146659375 0.5134562515625001 0.6998515515625 0.4917017546875 0.69960015 0.47454632031250005 0.70142834375 0.466047675 0.7127900140625 0.454334475 0.72236760625 0.44336142812499996 0.7288092703125 0.426110196875 0.737204825 0.412806446875 0.7288754328125 0.42748025937499995 0.7067541328125 0.45194142499999995 0.6801340296875 0.449658621875 0.6620792953125 0.4286036015625 0.6773487499999999 0.40745278437500004 0.69918556875 0.39499943593750003 0.7118990875 0.38046932031249997 0.7241693406249999 0.34630936874999996 0.7333477765625 0.3215870375 0.730266984375 0.2781331671875 0.7418536046875001 0.22735911875 0.7474859296874999 0.20169781250000002 0.7453026921875 0.1690109453125 0.7328361734375 0.1466120953125 0.7291533359375 0.11230122499999999 0.73280971875 0.08461105937499999 0.7268995359375 0.058552115625 0.7202395546875 0.000869971875 0.7551405359375 0 0.7557772484374999 0 0.858954534375 0.0023529421875 0.8597640640625 0.044300278124999995 0.903852284375 0.087919515625 0.928533921875 0.1571856109375 0.9246525953125 0.2004478859375 0.9262007062500001 0.258994875 0.9430888328125 0.31561602031249997 0.9650557546874999 0.3588855203125 0.9819769640624999 0.390036959375 0.98862591875 0.40302000937500004 1 0.42829351875 1
4 0.46386522656249995 0.5926456296875 0.4383548421875 0.5959844484375 0.43287193124999995 0.60689183125 0.43406484218749997 0.6203220671875 0.45176883593749995 0.6284926765625001 0.47273528125000003 0.6351636843749999 0.4909327078125 0.641243675 0.5172862671875 0.64357466875 0.5301923796875 0.6474273140625 0.5405210703125001 0.6375542140625 0.5499035640625001 0.61320556875 0.5585865812499999 0.57333606875 0.5437546249999999 0.5745622140625 0.535708740625 0.6024900515625 0.516134028125 0.61148765 0.488046221875 0.601100721875 0.46386522656249995 0.5926456296875
4 0.6393328328125001 0.27435560937500003 0.6632671125 0.2838560078125 0.6849258093749999 0.29067477343750003 0.7363514390625 0.303846984375 0.7691341046875 0.3097461390625 0.797023090625 0.3178946921875 0.9473452703125 0.358763171875 0.980560828125 0.36867845312499997 0.982981059375 0.327124703125 0.9039655281250001 0.3176631234375 0.7982973546875 0.2940113640625 0.740785134375 0.26965831875 0.686295871875 0.2602240828125 0.6399148421875 0.250324525 0.6393328328125001 0.27435560937500003
4 0.853521165625 1 0.8408426921875 0.979440809375 0.8708346671875 0.93862964375 0.8847945546875 0.8702412890625 0.895197371875 0.8076815265624999 0.9159433281249999 0.765994859375 0.8150802593750001 0.76203416875 0.6972461265625001 0.7313938359375001 0.605470934375 0.7074134890625 0.5629894875 0.6840726703125 0.5772656625 0.6574746234375 0.6753262624999999 0.6948741828125 0.7749629687499999 0.71943451875 0.8152095078125001 0.72143691875 0.8915562875 0.739928296875 0.9232011625000001 0.74448663125 0.9365984125000001 0.7076875171875 0.89484496875 0.6890257109375 0.8875230000000001 0.6266225421875 0.8414486406250001 0.6132908421875001 0.79704543125 0.6370406421875 0.69180845 0.628122153125 0.6356256140625 0.5919751953125 0.6215744875 0.57140863125 0.613938021875 0.5236640328125 0.6484477109375 0.522246021875 0.6989822671875 0.5330321046875001 0.728104840625 0.5359541171875 0.7647464140625 0.5470687875 0.7959936515625 0.5471503796875 0.8153550984375 0.5051682093750001 0.7868696546875 0.490304534375 0.7381651437500001 0.4810070234375 0.6968766109375 0.4710964421875 0.6486176359375 0.4629919953125 0.6263073578125 0.43736869375 0.6777329875 0.450540903125 0.7555121734375 0.4660441046875 0.800453575 0.46355873281250004 0.8097881703124999 0.44249376875 0.7459977640625 0.4200946140625 0.6707408765625 0.40622773749999996 0.6430507078125001 0.4003175546875 0.6225704750000001 0.3761828296875 0.6106033359375 0.371432628125 0.607499028125 0.393827384375 0.5890503234375 0.4843149859375 0.577152753125 0.522400403125 0.5667427109375 0.56958706875 0.55183663125 0.6234998765624999 0.535059828125 0.6945808984374999 0.5103329375000001 0.787022390625 0.49196558437500004 0.8401964265625 0.4793278609375 0.8814177734375 0.45434702812500005 0.959531475 0.442900959375 1 0.853521165625 1
4 0.4491735296875 0.15581229375 0.4393861734375 0.16031109375000002 0.429057484375 0.17018419375 0.41625439062499997 0.17513728281250002 0.418783915625 0.19214671249999998 0.431443309375 0.1970446671875 0.449935353125 0.1987956671875 0.45809148437499997 0.1950466671875 0.4672272609375 0.17174333125000002 0.46341625156250005 0.1632441296875 0.4491735296875 0.15581229375
4 0.222854309375 0.1042128703125 0.21672704375000001 0.11168881562499999 0.2190577453125 0.1264598703125 0.229640378125 0.13091455937500002 0.2399762921875 0.1364145625 0.257282646875 0.140108425 0.26429376250000003 0.11964550468749999 0.25148344843750003 0.1092254984375 0.2407019984375 0.10253243281249999 0.222854309375 0.1042128703125
4 0.4124821640625 0.3543989703125 0.41401759374999997 0.360216534375 0.42578591406250005 0.3627283609375 0.43473732031249995 0.36793285 0.4635652796875 0.375183853125 0.47593005625 0.3844107984375 0.49323641093750004 0.38810466250000003 0.5171706921875 0.3976050625 0.5504467921875 0.40141360156249994 0.5821946859375 0.414777675 0.589562765625 0.4174482828125 0.5840870765624999 0.44372876562499997 0.58053723125 0.46493045625 0.576637646875 0.47837172031249997 0.5724913453125 0.49285829375 0.569236115625 0.5097309953125 0.5709703640625 0.5177869296875001 0.5762472328125 0.489268075 0.5844580796875001 0.465112715625 0.5907496734375 0.438456090625 0.5959868140625 0.4111153953125 0.5991811625000001 0.391141828125 0.6002267484375 0.384589409375 0.5850043781250001 0.3967119109375 0.5679447390625 0.3919727359375 0.5404533921875 0.38830092656250004 0.5245315453125 0.384902571875 0.5056418640625 0.3786748265625 0.49139914375 0.371242990625 0.4764641671875 0.3636633984375 0.46311251875000004 0.3586176890625 0.4458061640625 0.354923825 0.4335444078125 0.354502615625 0.4224683390625 0.35213854218749996 0.4124821640625 0.3543989703125
4 0.6277251234375 0.25861376875 0.6321201328125 0.242568534375 0.6287705156250001 0.2400175625 0.6241631859375001 0.2440832640625 0.618893940625 0.2470896703125 0.610358196875 0.2484808609375 0.603908315625 0.2461861828125 0.6101749609375 0.2544088578125 0.6178885968750001 0.26294037812500004 0.6198142640625 0.2702365125 0.6212642749999999 0.2769721203125 0.6241182125 0.2803353125 0.6260778874999999 0.27203242968749997 0.6277251234375 0.25861376875
4 0.5359087437500001 0.25095071562500004 0.547877221875 0.2530462578125 0.5583556375 0.2511516921875 0.567450153125 0.2512567921875 0.5739000359374999 0.253551471875 0.5763553906250001 0.24443636875000002 0.5630630890625 0.2402222375 0.5544642546875 0.239304921875 0.5451834796874999 0.238701059375 0.539395509375 0.2374656765625 0.531851128125 0.2372324296875 0.52866774375 0.23655296875 0.5226935187499999 0.234818825 0.514467196875 0.234899034375 0.5150690390625 0.2400765796875 0.5194330578125 0.2460571265625 0.5261723375 0.24841357187500002 0.5359087437500001 0.25095071562500004
4 0.29211611875 0.61186425 0.29801625781249996 0.6177027828125 0.30544288124999996 0.6247829640625 0.3236347890625 0.6350767265624999 0.35019635312499997 0.6407460203124999 0.35964095 0.64184603125 0.3834352484375 0.6386821125 0.38524743125 0.633573859375 0.40141533906250004 0.637024734375 0.4106940984375 0.636257665625 0.4178689484375 0.6341257 0.42284793125000003 0.6104607078125001 0.4072114703125 0.5970490109375 0.3862123421875 0.58066103125 0.367654825 0.5821951656250001 0.3509494453125 0.5758820499999999 0.3322660421875 0.5728101109375 0.3129652609375 0.5723539203125 0.2967973546875 0.5689030453125 0.27745661718750003 0.5711858515625 0.26941864375 0.5795444796875 0.26806402500000004 0.5929929640625 0.2808932671875 0.600310440625 0.29211611875 0.61186425
4 0 0.5510486718750001 0.03709993125 0.55651781875 0.0959973109375 0.5690888609375 0.1372802078125 0.5714893859375 0.174235425 0.5793770984375 0.205456346875 0.583293359375 0.22950241562499998 0.5893415890625 0.23510480312499998 0.57588390625 0.21917661718749998 0.5559990578125 0.1820555578125 0.5462442671875001 0.1242730765625 0.5366587093749999 0.0855056734375 0.5338792515625 0.042816154687500003 0.522020090625 0.0032655343750000003 0.5199893015625 0 0.5200297890625001 0 0.5510486718750001
4 0.2038597828125 0.5206754015625 0.179979553125 0.5164942531250001 0.1759436015625 0.528454596875 0.1960735796875 0.5382461796875 0.2368190046875 0.5377844609375 0.2623915578125 0.54507434375 0.2814066375 0.5518804390625001 0.2978602453125 0.5489814078124999 0.28919284218749997 0.534309665625 0.260978909375 0.52279264375 0.23940838125 0.5191044765624999 0.2151565171875 0.513928165625 0.2038597828125 0.5206754015625
4 0.3546870015625 0.2799473109375 0.35508653749999997 0.25255735625 0.346882721875 0.2590489046875 0.3338597375 0.27824946562499997 0.3334142234375 0.2955553546875 0.3457859015625 0.2945325984375 0.3546870015625 0.2799473109375
4 0 0.6978829546875 0.015264 0.6901491562500001 0.0293280015625 0.69223513125 0.046444967187500005 0.6968044124999999 0.065951540625 0.6963886859375 0.08005549687499999 0.6957356671875 0.0904031703125 0.6878700203125 0.083919584375 0.669085184375 0.0617256484375 0.655189709375 0.044283029687499996 0.6597093296875001 0.027000225 0.65327296875 0.0105006375 0.6460879359375 0 0.642625978125 0 0.6978829546875
4 0.6612468781249999 0.38964725 0.6704831484375 0.3782186125 0.678768565625 0.3708186140625 0.6867370312500001 0.36476149062499996 0.695308634375 0.3581278390625 0.6870493421874999 0.353543921875 0.66799979375 0.36499380625 0.6587942906250001 0.3743132171875 0.6487964078124999 0.3869898234375 0.6489902890625 0.3940838515625 0.65308916875 0.398485034375 0.6612468781249999 0.38964725
4 0.6329070906250001 0.3652615390625 0.6292267453125 0.3729391796875 0.63399493125 0.3824200734375 0.63846765625 0.3713852328125 0.6444020671875 0.3620729078125 0.652529009375 0.355344346875 0.66262383125 0.346214753125 0.6734494984375 0.3379464125 0.68005321875 0.33371379375 0.686559996875 0.3259341609375 0.6790315515625001 0.3222114984375 0.6682981859375 0.32415215937499997 0.65067955625 0.339433784375 0.6393169265624999 0.35393489218749996 0.6329070906250001 0.3652615390625
4 0.7308274359375 0.3184562453125 0.7174261140625 0.3198274578125 0.707643603125 0.31773948125 0.7034878296875 0.32743144062499996 0.710919334375 0.3276070921875 0.7220358265625 0.32997979375000003 0.732769190625 0.32803913281249997 0.7440441578125 0.32974039374999997 0.7551298796875 0.3342223203125 0.7651370421875 0.34129509687500004 0.7745718359375 0.3468351796875 0.780730896875 0.3425076546875 0.7733255171875 0.3303480859375 0.7544251640625 0.321377146875 0.7424808875 0.314596178125 0.7308274359375 0.3184562453125
4 0.7452997531250001 0.365976875 0.7502217765625 0.3649116359375 0.75148958125 0.359540121875 0.7511372234375 0.35311753281249997 0.7428779343749999 0.3485336140625 0.7357326140625 0.3491243125 0.7309382984374999 0.35162733749999997 0.7292566 0.35479471875 0.7340863234375 0.3600571609375 0.7396776546875 0.3640716296875 0.7452997531250001 0.365976875
4 0.73477883125 0.4145103296875 0.75751800625 0.4151321859375 0.7804464249999999 0.4129733765625 0.7902550625 0.4030774359375 0.7683390328125 0.39698915625 0.7512219578125 0.398272540625 0.73918538125 0.39781925 0.7220375359375 0.40121186406250003 0.7177232890624999 0.4115752625 0.73477883125 0.4145103296875
4 0.864883165625 0.460026259375 0.8628039171875 0.4761960703125 0.8681204125 0.478205221875 0.9023389999999999 0.482885628125 0.9144675437500001 0.48547434218749996 0.9348274046875 0.492443146875 0.9589261562500001 0.49583797656249995 0.9732302625000001 0.494539409375 0.9743761687499999 0.47486496406249995 0.962970215625 0.47134353124999995 0.92461401875 0.45965919531250005 0.895832115625 0.46138559375000004 0.8850026453125001 0.45819975625 0.875630590625 0.4561993875 0.864883165625 0.460026259375
4 0.8352369234375001 0.3819977546875 0.8365798968749999 0.3910284 0.8615027187500001 0.3884783203125 0.8769771937499999 0.3891579875 0.8942638953125 0.39197325781250003 0.9082428140625 0.3940825140625 0.924858028125 0.392382459375 0.9379308312499999 0.3934239140625 0.9332800734375001 0.3836872546875 0.9098089078125 0.3751799765625 0.8871675671875 0.372970615625 0.8672827140624999 0.3713495953125 0.8478347203125001 0.37769142499999997 0.8352369234375001 0.3819977546875